2
4 4 1
0 0 0 2
0 1 0 0
1 2 0 1
0 0 1 2
4 4 2
0 0 0 2
0 1 0 0
1 2 0 1
0 0 1 2
ans:
5
3

1
4 4 1
0 0 0 2
0 1 0 0
1 2 0 1
0 0 1 2
ans: 3

4
6 10 2
0 0 0 0 0 0 0 0 0 0
0 1 2 1 1 1 1 0 1 0
0 2 1 2 1 2 1 0 0 0
0 1 2 1 2 2 1 1 0 3
0 0 1 2 1 1 1 0 2 0
0 0 0 0 0 0 0 0 0 0
6 10 2
0 0 0 0 0 0 0 0 0 0
0 1 2 1 1 1 1 0 1 0
0 2 1 2 1 3 1 0 0 0
0 1 2 1 3 3 1 1 0 0
0 2 1 2 1 1 1 0 2 0
0 0 0 0 0 0 0 0 0 0
5 5 1
1 1 1 1 1
1 1 1 1 1
1 1 1 1 1
1 1 1 1 1
1 1 1 1 1
6 10 2
0 0 0 0 0 0 0 0 0 0
0 1 2 1 1 1 1 0 1 0
0 2 1 2 1 2 1 0 0 0
0 1 2 1 2 2 1 1 0 3
0 0 1 2 1 1 1 0 2 0
0 0 0 0 0 0 0 0 0 0
ans: 
10
4
25
10

1
5 5 1
1 1 1 1 1
1 1 1 1 1
1 1 1 1 1
1 1 1 1 1
1 1 1 1 1
ans: 25

2
6 10 2
0 0 0 0 0 0 0 0 0 0
0 1 2 1 1 1 1 0 1 0
0 2 1 2 1 2 1 0 0 0
0 1 2 1 2 2 1 1 0 3
0 0 1 2 1 1 1 0 2 0
0 0 0 0 0 0 0 0 0 0
6 6 102
192 1002 952 329 18 293
888 777 666 555 444 333
1 22 333 4444 55555 66
107 2 22281 998 46 1182
1013 102 102 102 102 102
102 102 102 1003 1999 101
ans:
10
7

1
6 6 102
192 1002 952 329 18 293
888 777 666 555 444 333
1 22 333 4444 55555 66
107 2 22281 998 46 1182
1013 102 102 102 102 102
102 102 102 1003 1999 101
ans: 7


1
4 4 2
1 0 3 2 
0 1 0 1
3 0 5 2
2 6 0 1
ans: 3

1
4 5 2
1 0 3 2 7 
0 1 0 1 6
3 0 5 2 0
2 6 0 1 10
ans: 4
