1000 5000
249 250 2943
443 607 1643
124 597 3781
1 213 5752
652 885 1303
457 458 3560
1 444 1021
1 529 6852
347 688 9435
1 908 2429
2 3 8340
2 16 7556
491 605 9031
904 905 6040
2 356 6677
176 177 2720
2 752 9536
29 110 4859
406 422 8904
3 569 7111
652 741 7767
270 389 206
888 889 6576
256 362 4371
677 678 7216
570 667 8761
4 153 3964
364 856 2220
314 363 1668
4 443 258
4 755 70
447 660 3884
473 624 7556
457 732 4516
361 815 1696
408 865 3636
69 70 5678
280 883 2529
64 230 3137
111 112 6701
5 604 2405
249 663 8200
95 928 6202
6 7 529
99 684 2508
34 825 9914
6 412 7853
682 683 2138
760 761 8227
723 724 8074
41 42 2976
38 743 9435
7 102 2405
170 453 404
130 525 3422
7 669 3086
815 995 3345
233 766 1312
7 805 1023
736 737 6222
191 658 6184
8 54 1398
8 126 6602
8 285 8551
214 997 8887
831 832 2515
285 994 536
213 289 7690
576 577 2565
437 600 9197
615 616 8154
914 915 1541
684 991 2078
217 557 7572
206 751 5341
9 225 3426
9 228 8322
814 908 8746
88 100 7629
405 406 3199
9 620 920
30 828 4820
9 194 472
783 784 3902
222 759 9351
10 133 5777
836 881 7381
899 975 1022
562 707 1206
183 857 9243
646 647 7269
445 1000 7753
11 12 705
582 829 5819
607 939 4472
115 116 7343
456 457 2783
12 13 6914
210 493 8515
12 515 8068
492 504 1395
249 990 693
784 785 7345
372 918 2981
178 519 2448
590 630 2920
150 751 1287
292 837 7857
13 137 2608
13 155 6783
482 520 9757
290 945 2213
13 253 7942
13 412 7841
399 896 2425
367 759 3464
60 291 9635
553 875 8654
13 888 1806
190 633 777
928 929 4582
14 413 4482
245 719 4037
14 728 4838
494 495 2119
379 380 1050
313 944 7594
195 653 5646
15 771 4054
15 848 8087
231 583 3323
450 492 3288
55 649 335
886 963 704
99 588 8909
16 119 150
16 132 8161
578 672 4029
406 457 8416
16 566 5493
345 346 239
49 331 6530
750 966 6611
16 975 6406
448 946 4743
218 494 6216
371 768 4250
623 795 9442
271 686 8561
557 796 1314
282 283 9743
17 764 9704
379 420 682
17 944 1902
256 426 7672
296 832 2795
150 509 3282
654 902 7339
761 877 9576
135 885 827
200 395 1554
75 553 9354
368 897 7031
382 562 1936
791 942 1826
663 830 1176
19 952 5206
626 725 5854
40 331 3450
20 260 8090
20 353 574
20 752 3605
445 655 3127
39 571 1514
170 832 265
72 237 521
256 257 1889
97 595 6434
21 431 3604
81 509 7682
487 488 171
279 808 7062
269 714 5634
317 318 8836
22 23 1834
22 81 1015
22 342 596
399 761 849
41 412 6857
512 513 4260
673 815 6488
912 961 1165
372 524 2028
22 746 5908
871 872 1184
794 918 5427
23 72 4276
519 584 6770
351 371 3829
608 609 2119
23 489 435
477 692 6936
238 667 459
23 159 2299
778 779 3616
664 723 1824
714 901 2486
67 461 4678
24 100 2301
426 897 7926
513 594 9757
24 273 7937
435 436 7239
136 184 8529
714 936 1919
366 367 8420
913 916 9950
437 826 3204
361 472 8547
866 868 2753
364 772 8710
540 577 4112
406 541 260
548 978 2462
986 987 7340
17 685 349
648 983 1709
148 457 777
26 27 2061
243 244 7016
26 503 8225
275 885 7415
553 911 1892
148 561 4271
27 67 6846
422 423 4510
262 383 3858
397 511 3035
27 397 9203
449 830 2052
91 639 4019
48 74 6461
27 976 1455
28 29 7256
28 85 1278
28 149 1068
204 227 4124
149 243 7919
542 543 2061
167 172 2798
556 672 2269
761 834 625
29 102 3439
76 185 8517
433 794 3587
47 146 4197
380 381 4474
288 808 2684
251 728 6774
719 826 602
415 469 3829
982 983 4162
39 180 7074
126 596 9432
110 111 1876
356 561 6742
175 583 3520
30 34 8774
530 531 6437
681 748 1748
452 893 6039
634 635 3965
30 922 2971
120 685 750
786 787 4594
9 263 5517
99 100 840
31 636 6591
269 270 5779
31 844 8783
32 33 5857
129 246 5996
254 728 4120
32 359 3883
326 327 9917
85 86 4588
32 839 5022
451 802 5066
303 819 5534
33 103 4793
470 471 6164
514 590 4814
757 766 2499
80 710 1479
33 509 3217
33 526 609
33 852 7869
446 447 5637
68 749 344
24 580 3691
446 524 976
217 218 5586
146 283 2778
985 986 3720
526 707 204
745 789 4146
667 668 7308
150 932 8202
35 274 2141
35 502 2497
220 837 1803
183 345 603
287 473 8608
86 87 3639
676 737 4238
446 610 3077
171 863 216
733 734 7692
585 649 5580
136 698 213
263 903 2207
456 545 5966
998 999 1901
42 795 1693
494 769 8656
957 981 6032
244 245 9189
37 985 1530
38 39 2469
38 212 1349
577 855 494
370 832 6229
38 653 300
532 967 5966
7 8 8900
38 860 3837
644 910 816
38 916 1873
66 67 3815
323 652 6389
260 345 1205
77 235 9979
39 184 9581
295 968 6026
405 730 9939
612 924 3974
74 481 535
738 842 1593
198 621 6215
39 727 2526
39 755 3205
285 453 2302
253 609 2374
496 611 5664
76 731 4859
656 851 2351
846 951 2692
41 943 3141
40 547 8918
600 811 7530
41 314 629
24 271 9982
41 448 2154
102 408 7885
616 617 1505
689 725 2560
634 829 814
36 317 517
147 506 1629
553 716 9330
935 936 6107
364 660 8456
116 680 7255
42 486 1252
223 284 7888
471 770 3078
42 607 2898
630 688 2658
42 858 2537
42 926 7341
66 947 227
43 56 9273
43 298 1
333 694 6605
43 311 2427
641 861 5226
61 927 6454
145 146 7965
101 400 8199
44 54 1917
685 780 1564
712 761 395
462 463 2420
538 815 6743
358 359 5125
788 906 4057
541 829 423
111 257 8831
192 466 1855
125 149 7478
602 941 7980
796 797 6557
734 735 5022
446 789 1146
45 700 3788
45 732 2324
412 455 5196
302 542 4534
376 563 4581
145 482 7219
421 422 2014
191 604 9371
47 48 8837
195 808 6374
47 276 537
292 642 1451
161 295 7718
130 794 626
363 364 1413
7 780 8077
429 472 5809
53 252 9728
48 540 4912
127 794 3892
48 672 3036
602 841 4249
49 52 6982
49 141 210
89 998 8854
603 604 3732
49 359 9520
212 853 9353
49 470 1396
456 726 1004
196 980 6410
853 854 1267
49 849 269
363 770 1925
50 51 9674
39 361 2386
507 768 8275
227 473 8128
272 814 2349
328 874 2330
4 972 1827
606 607 1597
436 558 3540
836 837 6078
75 185 3183
197 198 8016
358 600 5008
253 905 2296
640 913 2121
76 787 4967
283 489 1977
537 671 5469
673 837 19
52 757 2523
329 717 8613
53 54 9104
594 896 5637
114 188 2774
104 902 3767
230 524 9990
545 546 2991
456 894 1988
16 453 7734
414 657 3994
220 626 7663
10 158 8109
23 475 3648
520 521 2306
1 414 8549
54 148 2193
68 69 4703
29 632 5394
121 321 1557
320 959 2661
59 183 1898
99 674 8943
629 630 3341
54 963 5421
54 1000 3055
55 56 295
55 168 6936
55 334 9818
55 346 9936
858 859 1790
55 878 8802
372 491 6230
365 984 8683
202 727 1868
56 273 5581
56 573 9726
305 332 8718
138 398 2454
355 449 6227
180 181 9008
648 940 5931
57 510 4569
57 607 8445
143 386 7188
238 293 3609
301 397 4719
535 638 8931
791 792 4704
468 799 8011
656 816 1643
293 592 5285
231 590 2150
947 948 964
303 701 487
500 793 8906
133 134 1041
59 276 7451
582 967 8416
230 231 9862
59 494 1952
59 576 7356
363 564 1504
91 695 7169
194 196 7442
667 740 1935
60 246 7996
578 836 9462
414 734 9379
60 542 8189
234 422 1791
14 15 7994
57 827 3430
340 643 2320
146 926 1063
545 940 1054
967 969 3731
43 301 1274
117 857 959
153 849 4229
196 220 1746
407 685 57
62 144 8685
668 669 2842
485 775 9833
656 763 3017
98 881 2060
271 585 1868
62 421 2179
260 542 7867
742 910 9229
62 857 6475
541 542 1138
62 953 805
434 585 9705
150 731 792
63 427 2870
63 486 9193
171 746 1514
234 595 2328
64 212 318
158 159 7386
64 548 9499
73 592 9226
782 965 9566
64 757 5997
64 819 7148
497 550 8201
94 197 6098
231 430 2525
432 593 9883
167 168 5443
918 919 658
297 839 9169
65 722 9728
65 751 1723
12 640 4806
65 901 1730
665 674 5304
38 926 7644
66 256 1852
211 699 2823
66 364 1972
96 937 1087
42 43 1559
270 928 5475
570 800 5170
103 481 7695
106 239 3867
77 733 3522
104 280 7580
258 675 5195
24 25 6615
67 690 3983
57 657 7984
67 997 1515
80 81 8065
509 962 1066
29 456 9329
553 554 5799
704 812 3672
122 371 1865
68 849 8491
28 704 389
69 494 2342
69 916 4220
69 992 6348
967 968 2001
444 445 1652
70 219 6005
504 505 1
71 272 6770
906 982 9411
232 793 5848
510 558 415
679 680 3978
71 752 2264
71 834 9023
827 828 4196
12 914 8253
434 759 1960
691 817 9601
290 755 5884
72 653 6118
92 738 8901
540 976 2580
72 886 2712
72 975 1575
523 524 2519
929 930 8784
723 843 1404
547 685 4032
73 351 6862
64 592 4566
399 689 1304
365 386 2002
73 876 646
302 677 161
76 366 185
538 539 1412
143 463 4284
154 155 3372
156 192 5153
571 755 9365
74 194 7153
882 883 9317
178 813 9461
536 904 5235
74 505 557
131 488 496
449 568 3989
362 685 732
272 723 549
89 130 9886
605 777 7249
474 763 6355
482 483 3296
451 452 1935
75 347 1753
847 944 8469
209 623 3927
75 432 7110
312 658 3846
418 419 4588
192 444 1563
75 760 4525
75 894 6520
76 77 6643
719 778 1291
29 738 4185
624 916 2944
103 367 4731
607 990 9334
209 968 6590
480 594 4511
240 726 3438
255 670 2013
259 652 7846
3 586 1309
191 252 8147
249 835 6461
958 959 1406
77 316 3742
460 461 8514
534 884 7676
9 114 146
293 963 2563
81 594 5896
78 389 2481
551 699 506
270 480 6237
79 80 6380
79 226 9625
116 117 5621
79 579 8887
46 168 2354
265 649 5768
600 938 5333
66 66 1557
80 92 4720
12 818 173
995 996 634
792 979 4695
80 400 2704
155 530 4457
113 951 2580
314 444 5506
235 842 9350
840 859 32
210 631 435
206 784 3761
319 612 1970
353 370 9329
81 480 194
64 65 1864
38 737 7336
170 737 4323
301 302 6692
81 639 8314
5 413 1774
222 871 4624
81 843 908
285 727 2667
81 936 7381
705 706 2663
759 774 1667
831 973 7128
82 272 9260
424 532 7420
21 473 7510
729 986 277
82 996 4529
248 249 5059
265 384 3326
178 205 8343
83 248 345
83 271 3869
139 140 9653
482 715 4788
431 452 8115
33 257 2962
83 955 1093
260 879 216
116 452 3000
253 404 6768
279 407 9459
477 946 442
22 589 821
171 989 3346
222 664 9148
81 82 1053
84 85 8684
294 295 1684
221 675 990
6 483 7835
138 877 3128
319 964 726
94 937 1450
753 754 9231
1 254 432
85 593 1024
85 630 8505
30 129 1298
257 377 2253
86 282 3894
176 270 2157
558 844 9625
354 693 5871
636 858 43
345 428 1353
346 347 8220
300 508 4797
29 30 1658
90 442 4371
197 225 1370
32 67 3500
86 924 178
86 980 8729
438 908 3547
87 95 4947
87 232 9474
145 480 7682
993 994 2934
150 169 3900
23 742 2182
50 119 7223
150 725 9445
88 153 396
88 641 7841
488 489 6178
138 933 6998
499 660 8039
102 184 9340
489 521 2693
89 257 6915
282 663 6430
200 487 9261
142 737 5869
238 486 1571
89 855 4538
264 723 6475
409 410 8153
90 267 8114
463 474 654
584 870 7153
280 702 3670
45 259 1823
536 563 4472
369 412 6449
440 744 9997
714 765 7237
51 850 8040
213 992 379
134 275 1311
59 701 1709
672 806 7892
33 373 1822
136 319 3007
693 876 4417
4 870 9387
92 706 9278
51 52 369
867 950 3987
441 442 1913
92 816 1687
183 184 4146
15 907 5871
85 161 714
461 616 2849
436 829 2680
119 551 3887
142 503 4802
94 344 7684
211 550 1915
417 802 8766
94 585 6524
281 488 5118
85 428 165
95 96 703
95 141 1186
970 971 6259
42 477 6646
791 924 8479
383 761 9085
95 988 2836
96 97 1290
96 175 5192
96 449 2637
829 927 8403
96 907 6975
130 131 8887
62 302 1579
91 815 1109
97 187 1857
317 891 432
98 99 7229
190 598 7337
98 181 8328
294 872 8896
50 873 1114
348 585 2057
97 98 5190
98 929 8036
672 673 9391
120 383 3679
118 294 6969
16 89 920
54 794 5601
359 848 5866
136 358 8344
382 477 9970
168 169 4883
545 922 1312
99 936 1756
555 828 6225
533 788 3882
281 639 6565
100 313 492
936 937 6800
100 294 3311
100 576 749
352 448 6381
555 598 8207
187 638 1877
27 531 7887
101 102 1785
74 354 8324
101 143 6829
101 190 428
16 17 5936
101 552 5933
101 760 1526
250 601 8926
101 959 8237
816 889 3849
284 915 4232
419 623 6563
102 611 1803
359 459 1768
589 590 6195
102 952 4348
513 514 471
402 790 2721
228 229 8307
709 969 4337
537 784 2567
103 738 1411
103 935 4423
103 968 3160
409 416 4027
104 138 7245
724 725 4898
200 293 406
246 247 947
104 491 6945
21 31 7537
173 530 500
295 590 4610
57 774 790
104 947 5055
23 24 5045
469 669 9058
105 754 606
105 878 8198
119 126 1832
341 687 8279
106 107 1224
106 194 5062
14 453 1161
65 167 1832
167 604 487
106 527 7275
143 144 5693
265 972 427
834 835 6578
150 516 7402
106 792 9086
829 852 1552
107 122 5884
107 198 3979
122 423 1619
599 600 8626
859 890 1143
963 966 8350
175 820 5475
17 51 4553
108 109 6117
414 642 935
108 206 5547
108 267 2563
526 846 8256
846 865 3292
397 398 9071
485 669 6708
267 268 1291
109 478 5265
91 686 7630
321 676 6779
48 92 1192
23 734 817
110 173 6089
216 489 4936
322 646 9931
581 871 7392
339 964 9668
781 819 4331
481 482 302
111 558 687
171 172 334
130 359 2574
41 489 6247
112 129 2016
556 816 5582
174 618 8790
590 799 407
112 705 586
113 114 7854
113 577 774
66 394 5956
490 767 9567
607 608 3197
652 987 1188
519 520 2281
581 948 3356
636 912 6944
832 983 7600
114 617 44
167 992 9216
56 57 2280
478 581 8514
443 985 9313
674 833 9169
115 702 8218
718 893 7619
304 761 477
322 323 220
160 826 682
130 352 9919
242 451 2718
179 180 1579
509 879 3881
960 993 3658
506 507 2777
176 197 2044
893 894 3330
167 701 2337
546 999 7011
864 962 31
949 950 2159
259 685 114
118 194 5908
587 696 3280
118 254 2097
516 585 2110
187 188 8953
638 650 4102
76 850 3056
612 948 7373
702 842 905
83 456 1659
119 326 6384
389 426 4339
353 680 9515
40 164 9294
304 562 8212
682 880 8850
120 153 7878
9 10 1781
338 654 7783
709 710 7168
120 578 5480
53 263 6070
634 841 3785
301 524 5291
694 867 507
121 122 3768
719 896 550
121 394 4858
132 641 4069
121 562 2149
121 660 2334
121 811 7237
122 123 1871
325 774 2579
163 497 4464
181 197 4728
91 414 5496
238 265 7588
122 548 6664
54 186 1363
123 239 1594
3 863 6554
592 901 715
123 548 2886
739 802 8558
216 217 9103
124 125 4992
124 444 4524
124 465 940
467 468 1524
584 804 194
541 546 7669
125 126 3078
272 273 584
16 56 7891
336 337 2121
125 555 8149
125 570 940
9 737 3107
432 433 3561
53 641 4755
585 586 7300
336 630 7810
339 724 6504
850 920 8955
126 512 2016
838 839 994
29 662 4522
558 559 9198
126 746 140
126 860 4208
127 128 3531
617 806 9048
778 845 5749
303 697 692
48 561 6099
127 809 3266
128 129 781
571 981 4038
84 188 233
128 634 1081
724 907 177
758 1000 6244
129 130 8022
12 626 8366
912 913 8585
579 980 5074
325 487 1260
281 282 3631
169 200 735
129 885 8737
129 971 7895
179 679 2311
717 763 8420
520 597 1811
703 845 1970
407 984 1490
308 998 2335
798 799 1486
462 777 4748
130 544 179
175 176 9591
48 49 1455
144 596 3068
546 961 4953
131 169 6212
400 401 6369
290 291 2003
369 370 1599
236 291 2481
132 750 6317
442 513 194
143 870 5539
133 341 196
207 579 9972
112 221 908
480 481 1498
404 405 6736
133 729 5228
119 244 8445
30 31 1330
147 230 7147
134 176 7047
642 643 3386
4 5 1111
159 160 4412
760 802 5818
984 988 6315
378 838 3018
43 318 3864
199 438 380
135 318 1975
269 680 1391
7 671 4205
135 464 2430
94 609 6095
342 636 4678
266 926 7262
358 627 5210
176 646 6397
183 917 6045
476 847 8320
91 994 6590
601 602 6622
136 506 4164
363 776 9780
81 307 4523
196 831 9550
275 474 5457
137 138 5975
528 597 6505
137 581 1875
5 931 7604
593 973 7590
137 988 590
138 139 1645
163 956 61
331 924 150
138 352 5103
56 914 220
138 484 3533
595 596 6514
531 532 2293
138 616 1618
261 262 4155
304 799 2054
402 741 4948
537 593 122
473 897 40
139 720 3340
139 722 9320
139 892 5626
291 515 7460
140 161 6693
140 424 5105
146 991 357
103 287 4323
318 319 8859
140 899 7680
279 860 484
118 180 7130
9 136 3204
141 695 850
224 595 9446
630 985 5263
141 879 3529
142 143 3789
610 925 9285
100 591 6432
142 589 7544
733 852 5961
142 658 5755
254 881 2242
247 248 6391
234 635 3713
278 554 1333
142 897 9853
142 911 4410
142 913 2314
546 713 5127
729 894 4837
143 202 4006
82 149 8211
620 914 4880
143 449 9533
575 656 263
16 64 1437
241 490 4704
223 767 9831
337 796 8639
296 659 7404
719 720 791
669 764 2399
144 677 9600
354 624 8463
145 241 447
721 836 9097
539 747 2620
835 836 8477
237 552 1772
871 991 3096
756 757 8939
145 662 177
10 193 1923
4 834 7568
146 253 877
533 651 8535
403 924 4857
146 479 7166
146 498 6816
146 547 1623
601 865 8014
146 743 2087
398 752 6708
153 154 6034
140 629 4361
691 869 8782
6 939 9357
496 567 650
147 329 7126
147 393 954
147 399 3753
147 487 9063
718 719 3630
260 472 1047
548 835 9539
77 78 3335
63 412 3861
388 445 4812
180 959 6567
271 444 3894
668 837 2345
149 150 221
10 744 3718
211 949 6094
769 848 4649
149 875 4385
150 151 6317
371 372 832
222 471 9237
150 299 1447
797 850 785
650 651 6532
452 815 7077
578 790 8485
150 568 5709
603 808 4350
164 468 3117
388 389 4561
673 674 4112
535 861 8833
35 36 4783
525 989 9939
151 351 1185
292 721 4360
320 706 7169
152 154 5690
516 622 4436
557 975 483
319 603 8368
231 232 5630
283 284 7729
321 990 3919
255 923 7557
235 654 9111
153 374 3
153 590 3081
49 405 2327
838 982 9548
534 605 334
933 934 3780
992 993 4833
311 968 9806
116 593 9333
310 311 648
154 506 8614
82 620 2710
214 496 5931
154 949 9358
429 913 5202
155 170 1820
155 334 632
155 340 3098
287 784 6227
155 477 5482
851 893 270
80 641 3480
155 730 1192
155 732 3472
155 965 8909
156 157 5946
198 932 4041
156 324 5689
156 445 6356
443 445 7072
156 523 7271
708 709 5598
585 735 1880
157 346 1529
459 460 9204
526 527 825
157 560 6746
157 982 730
32 53 2550
29 592 7725
558 739 6980
810 831 4141
158 431 2008
143 197 9892
158 627 7412
68 416 1899
439 861 6290
876 908 1113
159 401 6525
201 478 7116
776 791 8011
560 954 2727
159 957 8234
807 937 5710
160 225 7724
238 770 5441
236 639 4612
242 804 1253
421 771 3414
37 548 1108
168 967 6742
118 318 6514
123 530 1895
109 928 3882
534 762 2174
162 163 4551
590 699 297
592 593 6272
162 525 3415
510 975 6906
546 547 3835
484 608 6282
162 621 4214
162 637 968
162 819 180
511 763 7142
372 445 2545
76 350 220
470 504 1525
163 686 4750
579 672 2598
85 96 48
566 943 2542
262 263 1570
163 983 1883
655 730 4979
532 830 404
300 891 9941
401 708 3634
225 226 1723
165 358 3186
165 543 7223
165 715 9376
17 616 5581
62 79 7917
73 710 6531
166 432 3517
621 622 7355
566 939 9245
142 365 2089
65 498 1630
871 924 477
395 396 3448
385 921 3855
85 169 258
698 978 3347
322 764 6369
600 905 8020
73 949 8842
168 983 9978
83 119 3201
652 881 4485
169 400 2237
312 668 9309
169 425 4693
718 908 51
260 852 1450
593 598 5390
241 911 7881
178 611 917
170 171 5103
773 774 2005
469 999 9746
550 557 5818
170 648 1561
408 409 2248
81 588 4066
170 745 7873
104 499 6205
170 845 636
170 896 9384
736 884 9229
171 271 5031
71 469 1483
857 858 2230
171 451 9955
473 646 1377
63 617 1750
201 449 4583
565 703 2534
251 252 6167
172 173 1469
66 793 320
476 816 3829
172 581 952
18 314 8876
75 359 6262
130 424 6498
202 774 6751
353 659 2920
172 852 2113
173 174 7911
314 848 6882
461 475 3931
173 631 6416
322 989 5125
84 640 1259
506 594 1900
444 467 6221
868 869 6141
642 733 7574
290 729 8883
174 467 978
112 359 2322
833 933 6842
705 767 4603
956 957 6028
175 585 8622
108 269 7035
107 869 441
175 838 7454
359 360 9908
351 400 7807
13 832 2396
874 936 9033
337 784 4662
344 755 2368
176 500 981
599 846 8747
404 718 152
176 653 7186
656 657 953
277 925 1142
391 725 7764
196 526 2805
200 786 1428
177 581 7907
280 587 896
178 179 3244
852 941 6256
10 431 6966
191 947 6861
328 329 927
265 715 2071
961 962 1220
179 189 5217
179 221 943
179 239 9158
279 349 6770
34 97 5032
489 683 8200
418 965 7474
90 753 79
492 962 1350
172 688 8331
158 840 2335
462 992 4965
263 945 1696
608 775 7773
175 920 1647
241 582 7804
323 424 6699
181 617 5578
182 183 3048
258 371 3552
123 659 5685
272 899 8206
371 739 1145
183 286 6932
183 302 4259
465 963 5717
183 392 8285
183 570 3270
183 618 1162
193 518 3841
230 659 3969
136 232 4229
184 185 3747
184 299 797
184 346 7411
184 395 9697
279 800 4424
977 978 4576
184 840 3628
168 421 1713
185 469 1748
31 327 1267
185 803 1040
417 828 2587
335 1000 2475
110 807 9958
186 216 2386
186 509 3248
84 103 9348
187 227 4336
187 314 4637
187 457 8469
388 958 9712
16 727 9926
260 330 3521
188 232 2057
188 246 3862
188 361 3694
268 739 4523
465 466 9876
189 190 3005
350 828 4325
991 992 4904
509 909 3821
189 764 190
662 663 3293
190 191 731
190 261 591
190 373 7640
387 674 4602
648 649 9005
67 68 8541
51 555 7974
612 944 1423
62 466 132
697 698 9683
858 950 4607
8 585 3221
365 499 1272
191 192 7359
503 667 2220
447 806 3756
191 336 3025
594 679 8335
8 9 719
191 663 773
117 250 5557
191 843 7085
802 803 4801
86 416 2847
493 929 4449
45 46 9304
192 959 4716
50 519 2960
646 830 5157
680 754 7973
521 856 3275
193 500 2135
792 793 7893
193 606 1318
112 366 2816
460 826 3760
389 453 1965
230 561 9210
406 407 3348
194 622 7031
194 735 1414
119 391 1814
194 934 9604
362 870 592
511 601 4630
483 556 9345
195 489 1417
642 647 6486
114 888 1228
83 390 6134
29 255 9640
236 288 595
823 824 9740
612 834 7205
174 175 1388
474 478 3968
196 567 9416
196 606 2923
196 624 385
436 694 7997
13 482 4336
595 994 1588
593 989 3715
162 198 6147
811 812 7850
59 440 5982
780 781 9222
195 700 5192
197 784 9126
95 583 992
431 621 407
124 559 1443
964 965 1324
350 519 618
380 956 738
398 399 9376
73 978 9815
198 990 9807
199 200 6725
273 793 294
22 663 8597
685 703 928
128 578 8549
200 201 9671
104 346 4047
757 923 2843
453 734 4384
19 206 4664
40 41 8183
200 675 2644
166 646 771
746 747 4722
493 754 3072
200 962 6498
200 980 8669
201 202 2041
213 915 8658
174 462 302
201 347 3427
787 788 4619
5 338 8125
489 764 3623
172 506 901
774 775 4826
222 526 942
770 955 2745
258 586 9649
87 450 77
56 169 2432
73 135 4575
203 204 2679
203 214 8068
203 246 4661
298 488 6791
275 434 6813
203 611 2555
203 626 1318
203 635 278
27 396 995
852 883 5969
349 616 4150
204 205 923
28 362 3929
204 462 7161
336 760 4717
24 541 9768
205 206 1744
239 424 1648
495 506 1316
205 487 542
104 359 367
127 514 5424
334 351 3165
216 294 3768
834 841 3031
206 284 773
404 696 8757
206 676 9227
253 850 3577
358 960 4703
180 696 7420
557 819 3644
378 379 7494
434 876 5047
699 943 9124
282 651 2178
224 696 9399
51 611 2533
208 480 1576
126 533 6558
771 772 3183
469 704 8497
397 573 3663
298 341 761
396 397 7981
523 883 5304
385 386 4721
209 657 1549
269 427 1302
76 707 6385
210 211 5929
85 536 742
210 451 7810
264 462 801
755 871 6699
534 554 5018
77 293 1446
484 767 5228
625 696 7897
210 988 3335
123 124 9827
268 510 3997
99 777 2433
211 800 8395
637 638 1372
73 925 7128
500 501 793
370 458 2250
358 1000 4109
483 484 4398
281 456 4173
153 714 1820
198 491 6586
87 883 753
213 835 6632
286 901 1237
25 26 9414
120 338 648
561 562 1249
214 318 2761
725 726 6614
504 731 5556
81 687 2776
703 708 1023
738 832 3589
214 898 4372
214 993 6674
75 197 661
215 216 8313
732 841 951
821 822 6129
468 559 4421
123 783 8533
433 742 5745
517 727 8919
216 566 8214
216 684 8192
25 896 7023
108 272 8652
487 965 9318
323 932 1574
415 416 1678
147 998 9486
217 957 1431
288 289 6062
451 536 3592
218 413 1449
163 656 1975
218 553 4780
218 701 1729
233 901 6264
155 511 180
218 956 1704
219 220 6353
62 220 9546
205 447 7584
219 992 1134
373 374 9571
75 76 7592
313 735 2610
220 736 3943
404 668 9661
35 760 1397
227 275 2381
678 785 8200
585 625 5393
824 825 9351
222 223 8340
343 701 9354
109 587 868
222 484 790
38 411 5166
259 594 8026
222 573 6636
176 742 611
222 589 455
84 667 5682
879 910 2992
222 849 2843
376 632 3143
222 976 1767
488 729 1978
223 225 2748
708 823 8583
711 838 1508
509 696 2784
54 506 5798
223 755 6097
48 259 6711
490 759 260
746 763 4981
141 736 8008
224 685 634
310 416 4360
89 523 6287
224 853 7656
566 600 4629
224 909 8198
585 919 4457
225 325 9246
225 436 1634
526 747 8847
225 729 3775
160 161 3195
902 903 9761
581 582 3042
226 257 9971
724 802 5349
181 182 8733
227 228 47
44 743 5718
70 103 990
105 106 9823
101 136 7404
404 785 1941
67 413 1369
228 291 8482
228 433 5049
599 615 8501
820 976 9387
563 592 9414
228 786 4575
339 340 2626
228 944 927
724 873 2665
570 817 1470
792 795 5253
52 716 2301
229 723 1987
696 919 2615
197 487 1524
492 713 8331
21 375 2096
951 952 4567
783 783 7742
632 639 4579
623 624 1443
230 812 630
705 723 1015
9 730 9495
188 394 2185
725 942 974
98 837 2385
84 468 2307
231 666 2300
591 824 7216
231 842 1644
394 817 1635
232 233 8762
157 439 4627
433 648 2031
693 718 2517
390 844 3941
252 725 9390
233 301 871
349 973 9599
233 819 7995
712 891 7000
652 653 2927
236 829 5076
234 235 4505
522 869 4142
234 455 6097
361 362 1619
779 780 1484
40 299 6757
234 751 5772
10 11 3808
24 973 5032
235 247 6177
322 559 9911
563 571 8744
934 935 525
235 571 7109
430 716 7028
235 701 4431
344 345 7078
656 808 2124
85 276 7913
169 414 2172
381 382 4932
160 450 9191
748 749 2635
212 618 3863
347 827 7819
390 893 3079
237 506 11
145 447 9185
64 682 6570
578 845 4846
504 512 8582
272 338 1893
990 991 2017
106 461 8705
80 203 1975
486 650 5902
21 736 4222
239 240 961
45 660 5584
215 528 5914
239 572 857
456 640 4123
999 1000 2154
597 622 333
639 979 6385
40 528 9372
545 932 4009
621 750 8009
240 427 3174
240 491 1576
53 566 5059
759 903 2700
444 851 1560
240 788 461
241 242 6738
241 486 7882
143 647 1407
241 518 2756
181 562 2439
533 534 4540
38 495 2013
241 912 1256
150 258 8898
115 981 3673
365 634 4418
486 487 6506
242 612 3983
242 634 3829
235 462 2254
242 883 611
203 799 9539
243 619 9240
710 711 2076
357 918 1483
244 366 1496
244 650 3968
133 473 7149
98 513 2106
52 806 9557
114 441 7001
622 706 9666
245 845 9294
245 919 1186
368 884 1563
427 872 2430
403 404 9117
791 994 8171
246 468 9573
246 478 5131
246 509 1499
246 562 6034
118 627 4681
630 854 2700
246 796 365
246 921 2426
368 369 1880
630 715 2739
247 421 9247
275 328 6273
83 84 7743
591 650 1205
302 420 2563
476 522 4637
249 270 5442
249 513 1914
249 557 8475
716 717 2714
126 407 744
464 465 9417
249 936 9241
543 898 83
250 251 3143
250 524 8467
101 903 2196
250 631 5424
515 900 7874
152 605 2239
557 994 4350
943 996 9870
568 682 4480
251 383 550
730 826 9429
512 625 9701
251 687 1087
252 969 687
90 297 8662
791 925 7894
252 656 4056
108 192 9774
473 623 7368
496 497 2948
378 520 2453
253 254 3145
535 730 4952
253 464 8053
253 587 6720
89 348 9196
771 889 4049
206 702 8840
208 209 6990
254 255 701
254 290 7055
859 860 1097
33 34 4252
315 377 4322
164 684 1476
108 730 7922
435 712 9368
714 816 5969
383 582 1546
381 442 7717
360 361 1459
163 550 6520
146 985 7097
797 798 6136
515 930 3862
667 720 15
876 877 7755
220 291 8671
425 700 8291
190 788 4986
256 741 7279
433 800 4672
400 979 4157
631 632 2131
36 37 6572
29 657 8835
4 162 1355
340 557 8344
392 869 1430
258 259 6697
521 941 424
258 374 8801
675 676 9717
258 588 6591
736 767 4223
738 746 7573
67 828 1524
703 704 4323
258 767 709
259 260 6749
222 566 2903
400 519 9462
86 649 5447
259 758 4729
621 643 4865
774 928 3522
445 709 1110
61 62 8402
248 267 1604
147 691 2765
676 939 3216
669 670 9599
190 423 2426
146 263 3135
330 352 8753
260 928 1436
260 945 4101
180 596 6209
261 265 9866
261 428 3848
337 676 7042
731 732 6902
261 868 2928
319 657 9661
822 973 9283
62 63 1358
106 727 9192
353 354 1398
248 891 6540
265 266 9593
94 242 9026
263 264 9692
263 410 6814
263 445 7497
197 629 3619
151 433 8001
263 770 3523
36 883 9371
205 613 6792
782 783 2785
150 651 2057
261 948 8360
103 104 6312
683 912 5973
532 557 3923
417 894 1046
264 265 9065
265 430 8010
325 860 6572
349 594 1268
178 878 7157
265 822 5794
265 892 1581
626 628 2790
416 645 1614
174 455 1210
395 491 4624
266 868 5902
266 882 4144
19 169 4571
109 208 1158
662 682 6956
267 652 2838
268 269 1892
268 332 183
467 475 4391
268 426 4768
268 466 3688
296 687 8136
739 740 3916
268 729 99
1 65 7620
655 656 3314
301 377 9975
299 472 7297
753 822 3765
49 769 8224
166 870 6608
269 694 2075
238 541 791
269 807 2600
270 271 2519
891 892 3141
531 614 7104
27 136 7246
270 553 4258
270 643 2217
270 887 3358
42 596 8038
448 861 5366
555 866 7374
551 552 398
412 413 7049
271 680 5125
170 624 361
271 774 4127
369 835 1641
833 873 120
90 504 8229
272 284 4742
240 769 5272
169 170 3949
75 383 7151
272 788 2740
404 457 230
272 847 610
141 142 4741
272 944 3765
372 710 9450
785 786 7347
273 274 1
273 386 7930
273 646 1459
317 430 3103
442 684 3809
761 762 761
273 855 2207
755 783 4994
630 631 8473
275 276 6930
188 189 8635
280 281 6767
574 717 4954
136 719 8854
484 549 1852
387 497 2140
562 903 2276
26 535 6388
478 715 1102
277 278 995
344 447 1114
277 507 2484
12 253 235
171 316 1749
217 470 8229
339 642 2727
278 279 1710
239 779 9602
278 622 7756
926 927 4062
683 984 3224
254 778 6279
278 972 914
173 833 4026
54 894 7539
179 422 6343
314 326 161
222 577 884
21 627 3366
182 648 1405
839 937 2742
203 659 4735
280 489 3416
502 503 7296
671 941 9036
205 426 4443
280 997 9176
129 663 1528
490 491 5118
409 961 650
135 670 6364
16 618 9041
341 822 6615
281 733 8296
25 846 1528
334 868 8925
434 435 7772
282 371 1383
480 717 2850
362 755 6463
282 735 8765
294 659 8344
458 951 2212
604 605 213
841 842 887
283 369 129
568 569 4817
600 601 197
209 288 4813
538 552 8891
291 651 9132
719 852 9228
284 285 4313
364 724 4331
523 542 7269
38 894 1554
260 654 9549
910 974 4500
206 207 6901
137 500 7842
8 433 655
252 960 2571
286 323 8652
286 427 8153
385 659 8469
286 478 3627
286 551 4697
286 591 7037
409 546 5452
199 279 1722
574 713 2794
287 367 5344
92 809 736
331 332 3132
155 467 6740
287 879 1444
647 890 7383
125 535 9270
29 454 7925
757 758 1729
134 762 5390
288 1000 9029
289 290 2184
182 288 9686
110 985 4937
290 356 1424
201 344 4666
60 715 477
290 942 2501
234 572 4731
291 292 7179
426 868 9425
291 352 352
509 510 7022
291 447 470
310 617 9636
35 880 955
477 558 8294
315 504 6788
550 775 6972
291 809 2334
197 488 442
162 444 6877
291 975 573
371 992 9949
291 987 7776
292 293 9713
119 901 1598
793 794 4794
365 382 3697
556 771 1079
113 696 949
87 432 8363
26 971 1146
84 967 2868
58 667 5027
205 532 526
29 926 3701
293 998 7966
332 377 3480
156 915 4442
529 751 3671
294 856 9825
429 461 2878
594 991 1527
295 296 859
104 816 7746
295 696 6665
297 711 9969
255 954 4943
352 924 5282
334 973 7874
894 895 6409
21 75 6222
172 604 1717
296 905 2816
345 864 461
319 320 7230
217 600 4467
297 642 7784
229 446 7209
24 770 2106
852 853 9151
271 830 5270
297 856 2445
362 790 690
463 464 6870
208 982 1293
298 412 3920
298 417 833
458 459 1883
203 297 9083
24 313 2470
547 741 9920
143 224 7233
358 527 8593
269 297 9503
579 580 4618
300 449 1527
86 666 5361
300 540 8112
300 648 6288
347 359 4699
198 693 9912
389 611 8133
666 782 6957
27 887 120
5 102 8447
57 775 711
301 510 9276
605 624 8610
59 822 8140
254 328 2874
758 759 6873
301 882 1060
302 303 3982
889 918 731
401 414 5941
121 527 7544
351 352 5546
79 625 4888
462 531 1710
666 984 9015
44 718 447
135 402 2528
521 793 7678
782 991 9457
303 659 2449
393 792 989
693 694 3587
33 66 2447
334 335 948
726 727 2367
292 401 3407
104 986 5526
626 853 1510
221 716 9355
328 489 4225
177 372 4479
512 755 2946
12 772 3075
17 18 1764
305 991 8486
342 838 4594
410 694 2504
306 860 662
307 308 1919
833 834 1013
307 978 5789
772 773 2475
941 942 9744
308 519 338
308 908 2894
543 999 3363
309 310 4315
309 566 8140
309 889 5568
309 932 1210
491 606 6362
50 678 2422
207 949 5163
220 801 3966
310 536 6256
717 933 8825
365 875 7494
310 897 7446
128 468 2525
311 312 419
311 618 4386
311 738 4353
311 824 2306
526 671 4738
705 867 9849
874 875 909
312 476 6406
312 605 4562
88 89 8200
555 781 1513
537 538 9192
297 335 7699
53 813 4571
313 797 9773
15 150 5367
314 315 7550
389 390 1560
571 841 344
239 992 5086
189 570 2905
314 428 5855
619 620 8682
210 246 3779
173 244 905
507 846 2592
314 771 6707
314 839 9363
532 963 9032
315 316 1566
315 321 2380
640 641 6422
562 906 7112
382 780 8930
351 548 7349
153 997 3465
316 317 1350
316 351 5570
316 397 2990
141 623 8955
316 783 2018
369 693 1764
367 437 7754
89 274 7159
411 678 5551
65 66 9038
320 321 9073
937 938 6740
566 567 1782
354 943 6976
201 716 9189
319 581 9290
137 681 7359
198 510 964
321 322 7255
319 727 3510
319 820 7922
503 504 6308
878 879 6443
573 929 7759
104 105 6250
587 855 3197
574 836 5017
152 153 9450
427 607 3084
320 882 8387
517 518 5205
320 985 1243
57 149 7720
74 605 5318
359 479 2657
161 554 1453
734 936 1965
288 458 1923
279 280 5858
322 539 756
8 338 5185
322 641 4461
970 979 2752
365 569 465
282 799 6961
498 499 1085
323 334 1810
233 234 4469
38 999 1525
711 969 4552
329 983 5226
316 576 1626
324 325 680
324 449 7968
324 529 2556
324 541 2558
324 602 5335
324 627 4318
158 259 3301
152 396 7041
325 326 3624
325 358 7854
83 832 3593
325 632 209
325 647 8957
436 493 5787
122 167 6317
501 616 724
817 885 4889
686 687 4333
327 890 7047
327 902 5575
779 822 162
569 570 9424
671 850 6019
533 693 1876
226 227 9735
329 330 9368
220 221 407
466 606 6056
805 856 4532
323 903 5281
330 331 9257
245 246 2934
31 488 8484
330 977 7227
42 586 2575
281 550 9990
331 734 247
28 611 166
332 333 9704
389 838 7203
332 770 7812
200 349 6586
333 334 2937
51 83 1124
333 714 2047
632 633 5915
813 814 9818
334 438 6792
133 946 7839
334 565 4347
810 887 8994
46 826 8487
229 396 378
334 894 288
334 916 4144
46 357 582
193 986 546
335 501 7623
335 598 8092
335 621 1835
181 570 3988
367 849 7897
533 717 7773
610 845 979
126 140 3357
336 699 5134
204 609 1549
402 797 1409
337 371 656
348 349 3759
223 503 2298
261 515 2839
133 411 215
556 634 768
144 145 7341
145 435 4329
200 742 1382
497 498 3485
338 624 768
593 936 3952
157 512 6118
338 886 8708
587 988 8588
53 772 2557
587 761 4208
470 550 5028
126 278 769
524 525 6623
169 482 6391
297 298 2420
340 341 2730
340 397 7478
399 851 6604
13 237 456
125 508 335
107 289 809
422 717 3884
43 358 9663
341 488 972
975 976 3285
185 775 9805
224 858 4192
341 909 4755
407 878 2198
152 813 9193
86 765 9046
589 692 7358
85 557 5291
343 468 3226
343 589 6826
21 22 2375
343 781 773
710 957 6054
84 720 9392
160 952 9163
635 917 7665
291 985 6365
154 185 3860
344 642 6828
344 657 7079
148 172 6993
344 769 6183
344 877 5863
30 317 8241
315 351 964
701 702 1556
345 816 9334
345 831 3439
296 297 4137
345 970 5720
65 625 8790
415 948 7210
346 470 3876
460 644 6642
34 35 3579
134 192 5657
410 411 1363
42 468 8695
611 612 1058
347 406 4593
347 510 9553
210 821 2040
236 955 3447
634 835 6255
260 387 2233
93 183 7000
800 920 3273
908 909 1579
619 873 1736
39 886 3081
119 798 4395
320 858 4997
427 428 5862
486 593 2103
136 593 8252
39 186 7267
350 924 8598
302 494 343
23 274 9993
181 430 4159
337 398 4747
100 417 672
351 603 2161
351 650 7130
82 696 9229
130 294 8523
392 605 8106
135 438 1701
577 695 9901
353 449 9448
172 793 4658
502 986 7938
353 689 8678
360 717 6850
354 355 8393
602 825 3670
824 826 8565
895 896 7363
53 583 5453
261 843 2722
352 353 7082
252 253 5066
444 753 69
12 977 7698
730 731 7534
624 630 3692
356 511 2642
78 79 2822
356 768 2903
357 358 9272
357 471 7602
399 852 4223
244 350 4603
44 759 512
6 48 231
228 577 2108
458 672 1330
291 899 6101
236 834 504
579 781 949
440 719 702
59 422 739
856 857 9127
612 613 3383
475 831 9087
163 690 8445
627 628 1683
620 840 5026
314 436 1682
889 955 7705
694 844 3918
687 688 799
361 828 9338
361 834 9967
479 815 1585
54 406 5703
618 621 338
74 719 7998
209 647 2687
349 350 1056
362 873 7458
456 763 6880
12 943 5816
363 407 9160
59 580 848
386 387 6463
136 591 287
363 800 1863
170 328 280
364 365 6184
396 844 8542
830 831 9360
846 847 8991
284 302 623
329 937 1879
519 973 9640
142 763 3909
145 291 8403
36 315 7854
190 902 6603
843 844 2009
713 714 2179
253 847 8870
242 515 4475
365 819 81
27 28 8481
948 980 3977
713 897 3802
825 826 858
366 875 694
366 980 9565
442 443 2170
81 837 7709
20 21 9478
18 933 1123
280 284 7698
367 886 7187
367 938 1141
268 342 2673
368 607 7396
368 693 1898
293 601 8891
697 718 7282
368 900 557
263 535 2712
301 550 2388
711 844 2316
369 642 2237
303 564 3679
868 937 3307
370 371 9811
212 236 7880
154 464 994
22 456 7400
370 603 4188
422 689 6460
25 901 8295
133 978 7383
441 457 644
983 984 5523
93 94 6701
515 948 1611
371 942 8130
91 913 2555
304 641 3744
592 950 6690
372 467 75
55 973 2837
22 700 5579
435 862 9627
39 608 341
372 715 1435
764 772 5565
345 667 7654
438 600 5693
196 475 2437
373 921 1904
859 953 3483
717 718 7981
289 617 4590
544 545 3573
72 776 5821
376 377 6056
740 741 9842
9 125 1108
377 378 4144
377 530 5736
377 598 122
377 775 4835
928 967 3993
79 788 5050
525 977 3132
378 417 6500
428 744 5813
660 730 9688
378 791 5421
459 847 8596
362 743 8685
17 872 4824
379 677 6312
172 192 6241
380 477 5624
157 158 2066
236 472 5220
349 625 6380
381 721 913
381 816 7272
620 881 7168
452 453 3791
16 162 1050
483 816 6705
152 862 8002
382 763 6177
146 147 6386
517 609 2391
647 648 2209
383 406 5847
44 719 115
137 631 1362
340 545 8415
383 994 733
384 385 8943
384 441 9027
165 964 395
384 736 9910
384 739 9756
517 792 294
297 917 1862
864 988 1633
385 748 1709
363 887 3122
177 480 1365
385 994 5948
278 827 836
383 384 9234
386 968 6182
272 956 8541
362 363 8725
923 952 1113
245 795 7350
79 383 462
73 336 3628
781 782 2
388 760 6130
531 739 5945
388 880 1521
388 918 2982
406 887 1741
84 254 9733
586 806 7178
125 998 9826
389 498 4945
199 789 1663
389 676 3410
32 726 1703
389 916 7050
390 391 4844
390 626 9593
596 597 4147
355 704 863
30 212 7934
390 736 2557
146 706 17
209 536 4434
390 933 6965
866 867 8359
177 178 749
669 857 4106
391 834 6424
338 751 8920
392 535 4682
392 574 2623
61 856 1189
392 607 2214
792 942 3063
576 678 4982
15 105 277
393 449 8290
393 505 2063
439 991 5629
47 628 5539
249 709 2428
127 596 1872
13 14 5674
394 395 5166
394 549 1881
714 942 5038
394 739 9871
592 804 5773
505 506 1172
384 754 8505
191 276 992
395 789 1683
209 568 5794
381 914 8925
396 824 1768
382 756 5348
143 493 8218
397 418 1961
11 758 8361
397 519 1814
169 522 9877
206 929 2738
74 789 1362
159 808 7339
170 725 1970
200 352 1368
398 418 8454
61 609 5678
677 813 4302
223 224 6696
265 498 5339
166 381 9836
172 755 1586
570 876 4692
357 836 8912
302 880 1733
838 893 9389
665 776 4897
21 695 3298
400 584 5426
257 258 8963
907 908 3231
302 379 8705
158 290 4474
372 987 4838
708 968 8862
75 494 7279
584 951 8176
377 967 7364
332 971 1903
246 364 6200
403 463 5599
403 677 3281
403 838 2872
759 760 5144
335 875 3001
568 808 4983
404 577 5773
73 917 2794
835 944 6059
372 595 3243
254 408 2315
227 939 8301
9 381 2982
405 706 66
50 335 230
828 829 8092
559 560 954
293 383 4276
25 254 6134
406 882 7117
271 272 7555
20 762 2672
407 592 8477
407 631 41
900 1000 8072
812 931 880
342 343 3372
364 652 7454
344 579 786
408 473 2446
408 768 9895
408 801 2770
383 878 1610
426 556 6902
247 971 1046
409 506 5353
154 233 1590
98 510 8574
547 548 4654
446 988 2137
37 62 8278
124 833 2116
411 412 4415
466 644 8988
317 672 8057
411 873 8519
575 834 4110
61 902 7301
412 548 5365
412 714 968
412 980 278
233 884 6007
413 414 4167
413 766 8930
413 991 8075
579 959 1698
5 515 584
706 783 1192
799 893 9904
60 329 9215
414 975 5073
17 281 4270
422 446 633
415 478 2798
730 891 5552
346 420 6283
416 417 6051
106 698 3805
416 702 2011
416 935 3150
225 663 67
232 504 204
417 650 2756
254 869 158
13 668 1324
19 746 2304
185 859 7470
589 812 678
375 846 8405
445 937 7445
655 973 9375
431 432 6129
179 945 618
419 420 1687
227 517 1063
112 113 8530
41 769 5073
142 671 5490
238 763 8592
420 496 823
420 527 432
420 566 984
420 619 8422
256 903 3342
420 987 3566
239 765 8899
260 261 536
341 342 281
421 815 6743
262 938 9356
669 695 4191
354 637 9887
917 918 3284
704 705 1372
340 706 8399
422 808 995
422 913 6970
422 946 2960
541 883 1885
423 511 1049
423 792 7169
423 896 7314
518 550 2032
424 425 805
31 507 4344
424 528 7382
82 559 7834
148 149 6422
960 961 8967
425 622 50
46 47 2248
116 834 900
296 373 838
426 427 2690
426 525 2008
431 936 9862
426 615 7356
426 631 6042
426 700 4315
426 753 8295
770 771 7578
48 162 4061
314 686 9083
561 835 5817
348 424 4793
427 648 2366
427 664 447
72 491 490
428 429 5345
68 301 3334
307 636 7453
429 430 9991
409 931 908
2 106 3589
429 671 2559
294 893 1054
442 989 5946
155 156 2284
556 557 6793
430 537 2792
331 462 1238
75 325 7434
62 91 7417
418 845 3095
83 566 5992
198 342 229
584 786 5264
431 967 2652
125 948 7117
106 287 4315
432 862 2049
433 434 3037
268 742 5844
232 786 7018
399 400 8663
29 185 3205
420 736 7066
433 821 9501
902 983 4316
728 829 6124
564 875 8809
464 529 8376
434 841 6887
434 844 328
930 931 9340
164 165 9766
435 550 2053
943 944 708
435 760 2742
435 842 1552
523 912 9579
436 437 9216
436 490 9812
538 696 9281
224 797 1835
211 212 9625
80 920 7440
437 438 9304
438 685 1414
543 660 3002
437 670 4407
870 871 4462
437 828 6305
43 988 6067
438 550 1661
855 978 521
437 470 8698
525 526 1242
482 517 3488
439 601 2512
539 665 60
214 526 384
100 761 9786
439 897 703
439 959 6690
501 971 7349
440 441 1403
807 850 2765
440 607 9017
440 673 749
522 753 422
91 92 2924
440 804 3321
440 874 4196
440 945 9066
440 959 2353
35 916 7877
371 407 6017
892 893 4021
441 906 517
684 989 1937
65 816 1896
442 596 5540
237 238 1275
442 791 1523
442 873 8418
618 969 3517
775 780 5603
171 495 3213
553 851 512
443 736 2193
765 766 718
115 213 682
277 327 9070
392 393 3532
149 445 2739
34 269 6087
601 970 2197
445 446 2479
407 408 9089
225 909 6596
89 427 6099
679 927 1969
687 805 9030
214 628 1707
804 817 8703
446 575 8129
334 537 1296
274 275 8096
750 751 1111
755 768 7406
54 769 7042
1 153 2105
448 449 7244
163 164 7739
448 727 201
126 127 2320
305 642 2737
653 654 4429
477 555 3104
240 241 7255
317 602 1296
272 946 4998
840 970 5792
5 51 9980
450 451 4062
44 45 904
450 599 108
450 704 3629
450 926 8480
430 723 9938
749 923 364
111 169 8109
41 987 8829
399 870 5967
127 411 2311
21 432 8376
8 366 5094
453 454 4271
453 701 5879
458 465 4147
453 742 7060
677 904 4869
454 455 5256
454 504 8215
454 785 5584
455 456 2979
919 920 4578
120 678 5184
455 783 2217
11 988 5779
36 895 1527
337 338 6897
49 691 3569
456 735 5704
362 911 2830
856 856 3003
99 831 5017
391 392 2820
655 921 2705
76 713 589
458 602 2270
458 619 4827
397 863 3332
282 828 8749
75 176 3252
459 619 2135
459 648 8407
459 662 1832
53 179 5427
459 854 5054
459 968 2686
273 792 631
460 538 1022
460 623 9281
346 523 271
460 769 4819
963 964 1451
339 343 6918
461 462 7324
258 591 4010
327 328 7824
198 396 7320
491 776 6417
7 621 9234
262 514 4235
417 845 7326
859 997 3744
463 634 1134
463 704 4902
463 961 1337
257 653 3627
703 771 4799
488 944 1032
464 921 178
192 974 2626
201 644 1116
464 889 2527
465 906 9187
974 975 7230
354 551 3300
466 586 1452
505 823 8948
411 464 1725
466 855 1251
61 874 4544
152 1000 810
467 689 8703
676 793 7492
468 469 774
814 815 7195
648 826 6480
87 968 103
468 882 9376
469 470 565
120 121 9287
693 919 2387
297 440 1591
469 870 6559
191 735 5566
201 892 8701
107 873 2765
470 520 272
169 907 243
470 784 5114
644 889 6390
471 472 5471
611 743 9694
471 717 2449
471 732 4822
53 296 2506
472 473 4660
472 482 5028
370 907 6316
472 861 3643
654 800 2587
252 949 5424
92 621 1407
473 635 7992
209 479 8671
473 671 5603
235 259 6408
474 475 7898
70 71 5205
76 516 2175
942 943 4465
224 589 928
475 578 3151
475 634 8268
475 738 1932
475 774 2085
360 411 3215
476 477 9138
1 2 2663
512 748 111
136 263 1423
477 478 5878
448 986 5198
190 649 2170
810 890 9407
110 165 165
53 996 2689
478 479 2004
478 504 3616
115 132 287
276 529 2856
479 480 8810
29 265 9986
479 884 1670
479 940 8709
762 763 9427
480 574 7033
393 394 6776
512 993 905
532 934 2331
44 936 1781
481 528 808
639 664 3993
481 976 3891
969 970 2529
439 440 4276
13 185 7410
482 615 1799
24 686 6732
265 931 3283
186 187 4731
135 775 336
29 544 2007
483 830 765
515 831 5706
484 539 5419
609 655 6223
254 716 783
182 265 5385
484 718 3193
73 74 4683
485 486 1678
109 110 3610
140 696 7801
62 182 9288
485 852 380
485 944 9625
242 560 2083
154 296 9379
486 635 2426
567 960 3745
129 719 246
486 824 2374
899 900 1229
487 909 9410
336 593 7765
487 603 679
100 803 4372
78 599 2642
168 521 7276
277 827 8509
738 739 2152
367 368 5185
44 847 9866
815 816 8341
614 676 8932
86 711 8625
489 490 2346
256 377 2484
700 940 1000
497 834 3781
489 970 2722
517 977 1021
490 509 6217
490 532 8041
490 605 3183
490 675 2678
298 434 7659
224 225 5108
293 294 224
490 949 38
34 367 2225
344 463 8569
491 492 3379
107 207 2737
309 954 1604
616 871 8244
217 730 925
491 926 4056
541 866 5235
427 566 9171
492 598 4846
230 299 3290
636 637 1402
493 494 5250
100 337 6612
334 866 5503
493 818 7798
574 805 3291
920 921 3759
296 429 119
494 696 4919
726 997 2062
494 960 8997
119 120 3454
510 511 8551
495 563 7006
371 608 2278
134 135 227
420 421 8714
496 765 4956
158 231 3714
582 583 7610
749 979 6871
755 756 1480
497 953 2682
323 324 3742
498 590 9206
306 678 5797
532 533 2885
498 861 6155
499 500 5642
499 628 8237
89 90 7284
499 868 9243
515 706 8560
212 213 2229
500 702 9624
145 313 7310
125 942 1337
632 745 4273
500 924 5218
569 609 8944
49 50 8517
11 172 2187
41 770 8795
501 956 2614
923 924 6048
177 706 6592
502 760 549
24 238 7129
94 225 6162
71 72 6747
503 542 786
744 745 3894
842 843 8081
503 815 2743
81 201 7252
503 946 4149
321 538 1482
226 542 687
504 521 452
504 605 1977
504 696 7088
504 719 2472
57 58 1046
504 830 5815
287 524 1332
394 828 6738
505 794 781
129 503 1850
22 448 4549
505 898 298
505 947 5963
505 955 6663
613 662 7945
222 238 2196
196 486 4492
257 693 5100
173 969 4333
806 807 4279
195 196 980
508 509 3694
630 677 26
346 884 5833
223 407 9734
227 488 2196
538 971 1369
314 383 4013
535 931 9239
465 558 7838
138 170 7753
498 621 377
511 512 8802
673 834 6954
845 846 2094
511 814 6973
511 961 4572
647 983 1415
641 704 2059
78 602 7169
221 222 4795
262 738 411
374 375 691
339 753 4255
360 924 7219
425 865 563
513 859 1229
514 515 2369
308 309 1297
515 516 714
981 982 8358
515 814 4475
720 791 235
250 641 2587
21 356 7739
17 61 9180
515 967 6152
516 517 2858
837 982 503
66 750 7714
113 982 1708
299 300 8272
374 390 282
110 652 1804
15 617 7639
194 883 6325
541 806 9739
189 934 995
518 578 8287
518 636 1268
678 898 7727
57 300 7995
80 217 6442
600 605 8553
346 607 1275
520 571 4262
429 886 6656
6 147 5821
520 869 3798
520 880 139
682 870 1712
521 522 1830
138 847 5794
23 897 6821
193 455 4195
312 313 1592
522 523 8605
81 279 5998
102 779 6766
561 753 3889
425 679 7507
284 523 2126
291 551 1404
100 101 6804
218 788 438
524 540 6287
524 588 571
524 799 8532
366 406 7360
524 966 723
240 532 6293
525 957 2947
378 413 2728
151 152 4231
556 833 8866
526 612 571
848 849 4372
644 669 9833
283 990 8396
540 766 9965
175 814 8494
526 900 7945
119 206 2147
528 529 1257
724 983 874
528 626 6812
529 530 7954
529 616 9149
529 668 9335
529 671 9879
79 955 1138
529 786 3105
37 362 3732
61 146 2458
140 697 5357
530 786 2674
258 751 9764
530 995 154
335 336 8502
680 681 749
531 619 7781
712 713 2035
531 741 1911
583 584 4687
480 706 6094
532 675 4206
186 194 8043
300 980 9499
179 746 9079
81 526 4640
235 236 8541
533 569 5643
397 567 2797
708 998 3235
321 1000 3536
90 495 538
799 800 3318
533 857 2409
313 402 5825
492 493 7746
924 946 1281
59 165 1117
161 978 8890
77 599 1522
535 536 3250
587 999 1917
971 972 8745
22 597 1938
161 162 8909
106 588 3045
590 859 7936
361 752 7193
536 812 5921
39 389 7741
619 721 4909
979 980 7071
537 616 4263
449 731 6791
103 695 13
537 981 7103
73 930 7211
538 543 7585
579 950 2413
538 559 3391
833 946 1594
538 624 610
364 707 2417
538 630 8259
72 809 2172
472 779 4034
74 75 8568
539 540 3294
539 644 5973
439 735 9930
539 671 5248
315 825 1659
539 772 3926
539 888 9567
540 541 8726
382 786 1308
564 835 4233
562 735 681
540 889 8209
636 923 5280
62 905 6653
613 614 4809
969 995 2576
194 946 5802
518 519 1086
87 88 4170
584 931 6416
286 429 2192
562 564 2681
785 849 8966
328 587 9010
542 952 561
542 965 1646
214 215 4140
164 445 3693
543 796 6202
132 843 1975
543 924 737
909 910 3392
401 559 4059
544 925 6808
794 795 470
592 705 8267
4 433 309
598 754 7416
664 780 6936
494 568 1678
533 964 5383
45 423 3967
299 392 3789
550 889 1489
319 859 1162
547 679 1408
266 267 2669
281 480 7574
978 979 1705
548 549 2281
481 591 1839
548 645 1724
385 848 1237
548 684 9352
147 694 8775
548 952 6550
255 319 696
549 550 2657
549 963 3980
95 671 2332
302 886 7656
789 790 5517
541 796 1262
277 760 2255
486 1000 655
487 846 4597
551 825 4039
574 575 1602
939 940 7464
552 696 863
552 908 2481
180 799 5960
144 378 2812
42 126 8216
553 774 1945
440 442 5545
818 819 799
175 938 2643
554 555 9379
554 958 2857
555 556 5188
130 241 977
5 624 5839
679 751 8778
678 970 7752
430 431 3185
814 955 1162
367 529 8000
393 954 1389
337 738 666
138 177 9127
39 40 597
557 604 181
31 667 9383
206 525 4047
557 974 799
152 424 8819
56 788 4786
5 6 6951
530 688 6207
558 819 4620
948 949 5204
901 902 1586
418 588 8076
728 747 5667
756 760 7259
854 855 5270
264 636 8207
233 839 5046
959 960 1069
562 563 8227
370 539 9519
562 628 83
562 652 477
715 718 5521
257 829 2176
276 277 6751
622 693 2860
562 992 2745
228 602 8
90 694 3656
563 564 7425
324 794 8055
648 880 4658
63 64 1769
565 566 3948
171 979 4462
711 965 3879
483 502 2174
46 261 2999
566 785 6061
200 728 4169
520 726 4777
567 568 2398
37 38 1025
373 564 2049
283 387 5604
251 313 6017
384 512 1659
19 87 5676
188 607 4568
715 947 1191
569 798 6659
570 571 6178
4 131 9806
66 761 421
428 897 8013
288 851 3192
570 960 6451
571 572 848
571 637 1531
668 793 2902
571 764 2561
133 462 3791
291 294 851
138 528 7978
572 573 220
573 574 7845
573 632 2035
398 823 8334
278 863 9466
238 239 6733
574 696 7074
287 288 7640
950 972 9671
574 778 8198
625 735 8344
134 384 8353
633 790 4935
130 162 6817
575 683 7857
575 734 1449
347 348 8765
291 576 8537
107 306 9053
76 332 2361
81 360 124
503 929 8931
577 908 9292
578 579 7624
99 793 2108
578 680 645
578 751 5225
150 523 4530
792 875 2128
574 659 796
300 301 916
353 863 6853
73 177 6533
283 654 729
579 957 3220
230 625 1918
520 557 6253
592 868 892
580 598 701
490 751 8836
477 556 9773
51 545 1075
530 779 4174
131 847 3907
505 838 5556
73 774 9396
706 707 1150
582 952 4620
89 246 3005
884 885 6890
583 633 9481
583 791 2347
584 585 4694
90 91 7693
266 841 3109
113 618 6874
300 868 9410
19 369 6773
571 988 1226
451 983 9188
163 906 4892
36 700 1343
826 827 3889
585 740 8715
86 391 445
585 907 513
303 480 9707
230 566 4366
586 723 1520
438 439 2251
50 682 3734
587 588 1109
9 311 7060
339 419 1598
320 451 4380
587 875 4847
449 803 7250
557 558 2594
588 589 3836
26 412 2655
490 976 6927
198 199 1058
589 711 3405
298 299 6866
692 693 5060
242 243 4107
590 684 9296
590 687 7940
197 223 3853
210 498 2006
617 877 1094
668 897 2084
590 867 2350
591 592 8513
255 256 9794
231 817 2757
591 892 5964
293 539 1668
291 918 6271
54 136 166
158 506 3835
592 827 3298
49 782 9045
297 674 2340
719 822 9476
593 594 287
169 826 8984
593 762 6525
344 633 9386
536 537 5426
586 842 2594
37 566 313
594 665 3373
782 838 9643
594 831 1523
590 591 325
594 939 9582
196 197 4678
138 508 2694
560 933 656
421 711 6900
291 406 5680
596 650 6085
597 598 5946
239 847 46
597 840 25
598 599 895
513 783 9305
160 579 5834
980 981 6923
599 651 1225
176 582 4717
726 808 9654
54 123 91
150 876 1747
600 644 8775
600 715 2005
600 789 4221
147 148 7709
271 453 742
10 226 9220
887 888 7084
601 614 3577
601 775 5186
3 816 2221
465 724 2266
433 567 3154
343 965 9116
340 553 44
45 333 6085
49 351 9758
444 555 7685
603 833 3216
44 245 2620
314 757 8848
605 606 7182
455 659 9716
641 642 5472
605 784 5537
92 712 1520
77 341 8767
607 667 7262
607 681 3200
488 566 2637
100 232 7784
3 322 4395
729 730 5799
609 610 2263
275 631 62
609 776 4273
610 611 4432
610 616 1280
610 828 1896
349 504 3098
303 304 7320
300 668 6001
764 765 9320
611 819 1274
257 813 2851
737 738 1615
612 723 5045
194 473 2418
612 843 1952
617 618 1755
728 772 7273
153 272 1441
105 943 4494
365 366 1416
393 760 1608
225 749 7390
613 698 8143
613 837 5394
613 954 7746
614 615 7460
614 649 4364
488 927 7758
19 20 4923
614 980 2621
847 848 5705
615 861 1948
419 898 6105
616 664 6802
269 375 9963
187 508 1140
106 759 4909
370 499 7473
628 868 6599
618 619 8784
374 544 9254
618 732 3873
618 758 9324
175 902 2646
619 648 3842
88 667 4098
313 314 4052
349 550 3962
620 621 6743
553 666 1784
396 677 5063
62 386 3489
620 947 7697
632 920 186
259 860 8145
449 450 9752
621 809 1725
622 623 3317
315 354 2741
245 801 3126
162 597 7349
283 528 7511
624 625 2050
356 483 8111
624 844 1324
27 795 9193
2 335 7573
412 994 1467
564 565 8109
82 225 5020
625 793 271
626 627 2390
212 691 8111
28 921 9991
207 240 2680
513 645 713
627 685 5276
627 813 31
627 935 9683
628 629 8233
78 200 802
402 727 1545
629 778 6756
274 793 7455
310 431 4009
501 502 140
203 583 1056
36 180 3480
630 917 3926
630 929 4427
141 817 6052
257 304 1006
631 794 1999
631 918 3057
51 156 425
419 490 8326
500 889 112
166 522 2621
633 634 1926
633 667 6459
575 576 6462
633 809 1793
66 382 3270
239 959 1275
334 722 714
120 651 5045
634 886 8252
635 636 6304
635 663 8840
417 776 5457
246 742 1940
721 722 8562
114 423 129
235 410 2411
211 897 8236
447 448 3820
638 639 4454
246 676 2014
638 832 5699
638 892 6604
638 944 3542
639 640 3100
548 566 1712
639 733 2878
639 738 2625
782 946 6820
639 974 5270
239 912 3003
448 666 1133
640 659 2055
390 711 7383
468 542 5694
402 403 57
7 492 7416
641 935 5543
641 967 2727
82 83 3393
135 157 9315
162 590 5538
642 811 9124
642 987 849
643 644 8560
643 776 8304
643 799 7309
644 645 1373
558 963 7095
470 913 2327
644 908 2302
293 440 5297
645 646 1365
645 827 1442
645 853 6442
490 959 8500
527 528 8208
386 403 4066
521 729 3902
689 862 9170
190 543 6536
80 180 8802
860 998 3684
842 910 91
34 138 5183
649 650 2463
649 805 9034
649 813 9638
76 914 4458
650 728 3111
650 746 9634
651 652 1210
651 689 264
651 691 961
245 550 8091
154 521 1038
652 761 9394
652 766 4030
680 737 4128
83 140 2686
822 834 3796
448 982 3246
653 655 9071
653 754 689
466 467 2236
654 655 5430
33 199 5916
219 598 1002
602 603 2416
945 946 1616
881 882 1223
337 622 2860
184 590 7348
419 939 6548
656 728 3675
219 370 7585
236 237 6252
58 666 918
311 867 4489
657 658 2764
581 797 127
658 659 2544
75 254 4949
659 660 5198
659 728 7453
660 661 641
660 662 5806
810 921 8726
36 719 2658
661 662 2150
661 701 9812
423 947 3724
267 634 2811
725 982 3208
663 758 2277
71 368 2672
663 884 2232
664 665 9190
23 851 777
94 473 6446
540 573 1107
665 666 9796
665 672 1199
660 962 8341
665 694 1809
207 912 7348
665 971 2951
666 667 4024
321 468 7766
666 834 5125
111 899 4817
163 936 2117
285 286 6270
60 61 9257
667 867 4454
667 956 660
62 168 3161
410 464 2091
256 467 9622
230 854 8354
417 453 3222
669 678 4544
231 955 9681
548 649 111
669 786 1619
669 787 5821
279 338 9290
669 975 4564
670 671 212
670 876 954
671 672 2377
328 493 7273
568 763 8994
671 977 9270
92 93 3872
546 655 5382
390 669 8806
508 623 587
507 879 3248
932 933 5785
673 916 8791
674 675 7155
115 351 9228
388 585 1031
676 677 9375
807 808 8138
131 132 5070
467 952 4406
676 863 6229
190 682 2518
310 924 569
677 679 6714
24 892 599
453 980 3637
677 955 192
678 679 1742
829 856 2565
221 519 8854
658 939 1157
324 894 1414
355 356 5830
71 632 3339
140 141 2131
795 796 1891
637 689 6277
372 373 6556
8 730 6800
486 823 3335
839 845 5708
193 387 1728
680 865 4670
680 991 3513
681 682 1108
387 587 8776
681 977 3377
849 850 2427
898 980 8876
509 709 8460
682 965 5478
682 971 6442
760 958 984
683 877 4362
264 787 8897
239 481 4022
684 685 6172
684 858 2396
684 918 7863
96 622 4483
214 861 5177
685 686 5306
199 721 910
625 626 2318
142 712 7222
51 643 6735
210 759 4289
687 721 4676
687 795 4179
1 561 640
687 842 2921
687 866 9440
688 689 8986
689 690 1243
230 836 5688
58 972 1059
689 885 3064
690 691 5916
776 777 7672
691 692 1577
394 637 539
916 989 1734
135 136 8260
94 376 1049
258 703 8315
693 741 3152
693 777 6837
424 521 4542
469 699 1501
694 695 1565
361 768 2047
31 32 5700
695 696 1078
695 843 9569
696 697 8029
81 869 1492
696 934 6093
190 707 2081
33 415 4234
133 359 9812
697 866 485
697 877 2970
325 768 8225
698 920 6056
75 579 2521
699 700 8452
350 351 6536
700 701 6542
8 464 4025
19 465 4200
701 850 3433
154 903 9945
702 703 308
702 795 3856
702 810 529
195 527 8475
530 789 4598
159 261 2415
703 763 300
72 357 3193
86 581 5556
703 859 6273
703 990 4929
176 945 1498
704 710 149
286 758 195
346 717 1209
501 732 3808
88 801 2627
567 884 6390
117 118 9110
705 931 9146
45 496 5698
905 906 3616
73 970 4082
706 875 7897
706 966 2065
306 307 452
294 322 4118
708 814 4049
162 531 1615
475 476 3411
414 415 3964
99 248 274
709 834 4304
156 465 195
594 595 534
60 759 6008
711 712 2768
711 759 9839
218 219 4416
369 422 7248
318 915 9174
586 587 3887
388 784 7059
17 466 3949
246 339 4989
365 524 3737
36 227 5596
713 985 953
714 715 3343
272 670 4456
714 794 9965
338 576 1567
128 806 6883
955 956 2348
10 78 2147
715 716 4793
202 588 9081
284 533 418
473 474 7096
20 126 1941
282 297 1715
116 232 3030
183 636 1785
407 678 5966
718 847 7750
498 841 2198
664 772 9354
339 778 1368
718 929 4017
343 344 4505
417 418 9064
3 4 1867
590 863 606
541 947 5087
283 991 9055
54 442 4932
719 920 295
720 721 5370
277 750 1086
720 874 8040
86 622 7706
263 721 4382
721 949 5144
104 760 4699
722 785 2127
722 899 8629
803 804 9452
707 708 4465
723 839 1370
585 791 2071
723 939 5271
956 979 7314
67 117 9533
724 742 9464
28 877 3096
229 230 8307
209 210 6048
27 125 161
962 963 2596
214 405 2082
65 166 7795
663 664 3491
725 998 2268
698 699 4562
58 59 2738
85 955 6634
727 728 1596
728 729 9529
560 561 6250
768 769 7199
705 791 1253
129 473 4230
729 759 4284
251 505 352
33 989 1357
205 625 4902
580 816 7775
415 689 6084
159 465 3317
731 859 6984
732 733 4139
215 283 6905
732 850 8507
732 930 464
732 988 5764
612 878 3281
142 633 1617
100 882 5402
501 567 9235
735 736 2157
742 852 9774
118 216 576
987 988 107
748 853 5272
737 756 6804
737 834 7965
737 891 1402
24 850 5831
375 376 962
273 704 8786
189 228 6831
738 902 3791
268 699 6122
117 203 4872
566 722 1819
57 891 4327
741 742 9845
742 743 40
542 930 1195
742 886 8032
722 723 1974
743 744 4776
743 749 5541
743 782 8035
194 493 2268
491 682 8727
745 746 2128
34 676 281
745 795 1980
745 841 8778
338 339 1993
40 459 1265
746 975 7695
747 748 7384
747 931 2452
502 851 2477
122 539 1896
749 750 7059
209 861 5999
493 652 7758
351 547 4568
750 902 8024
232 921 1501
751 752 1106
752 753 469
356 357 2137
753 761 6466
54 55 1578
754 755 5752
754 900 3944
71 425 3546
484 485 1953
354 894 8407
588 767 8151
81 172 63
870 913 3578
218 222 2083
584 949 8174
757 841 1371
757 888 2121
323 829 802
301 769 6781
160 373 9178
701 962 2181
819 820 8767
595 951 7938
6 887 116
134 453 7436
760 851 1520
443 902 4717
97 110 1641
217 451 6343
423 424 1592
761 985 6835
314 356 3517
762 988 336
763 764 7215
763 968 6080
102 950 6247
215 592 690
683 684 1519
766 767 4719
767 768 4245
39 365 7791
769 769 6512
769 770 2543
149 874 7906
867 868 4968
863 864 1846
7 918 3614
771 852 7258
365 627 2920
550 671 8377
524 852 8409
201 779 4749
774 895 2913
298 568 998
775 776 4712
443 444 9411
690 957 2172
159 507 7796
777 778 8932
777 823 5311
23 845 3291
778 787 2345
226 812 2474
580 995 2695
195 465 8530
500 828 2334
827 994 1876
202 329 9363
301 570 789
282 349 2416
275 317 6438
639 782 3731
422 518 6883
250 754 2169
685 806 5734
234 996 5606
783 994 6948
44 775 2751
414 455 5823
504 982 7352
341 818 2030
786 805 9754
174 315 2248
787 810 5611
787 985 3710
788 789 9692
305 455 6145
656 663 7674
789 852 5638
789 901 4828
790 791 7277
740 854 4170
550 551 6385
252 319 4435
94 95 4775
246 387 8802
390 629 7967
116 322 4411
118 119 1518
719 754 3117
342 575 7085
393 753 2085
488 595 1906
794 812 6237
304 635 260
425 426 6010
795 806 628
994 995 2642
796 853 4806
678 873 7124
723 984 2617
522 561 7467
139 701 9124
86 715 894
799 991 4768
800 801 7772
291 663 6435
800 941 1289
801 802 4948
120 610 497
148 363 944
212 755 1472
804 805 7987
213 948 4481
805 806 1186
861 862 6606
604 801 6768
806 819 935
718 891 7855
19 777 2319
505 980 5958
807 946 7757
808 809 9794
809 810 6996
809 913 974
820 908 4250
297 725 8651
679 961 4043
393 733 8019
378 782 366
86 749 9911
495 496 1823
286 287 2244
617 962 1675
813 906 7409
304 305 8043
330 629 330
319 433 183
382 383 729
270 516 6757
150 451 7034
102 103 7263
816 985 900
817 818 7497
817 827 1645
32 374 5453
229 826 9333
299 344 4898
820 821 7454
820 885 9213
810 811 1563
653 865 1377
870 938 196
452 936 8173
822 823 7978
319 871 8151
387 388 1153
166 167 1283
43 44 1406
722 953 2565
117 958 5513
417 671 7540
91 131 1405
825 1000 2070
902 924 2759
72 73 3377
827 877 5949
780 936 2827
288 848 109
845 922 6436
107 108 9543
678 720 968
205 701 5355
68 512 1148
821 836 9706
99 798 1885
832 833 3954
260 707 5398
614 970 242
877 878 952
130 553 2873
538 561 9245
833 991 2154
262 330 7816
744 845 7119
834 866 1123
337 830 1247
835 892 3221
953 954 5298
51 100 1872
825 930 8647
837 838 8782
516 543 6912
485 720 329
196 851 1747
460 985 8691
839 840 5420
680 749 5925
657 762 9041
954 955 4389
840 841 5939
46 262 9229
228 799 6373
283 343 3322
122 193 8831
114 115 5282
185 186 9560
844 845 8373
844 950 5739
34 89 5571
86 653 2177
538 625 2006
194 195 5033
251 671 430
120 271 9620
172 655 5390
526 630 1969
848 942 3543
115 810 6984
850 851 1638
310 694 1162
851 852 1576
218 825 3582
19 266 1888
203 798 62
816 817 9544
128 965 9470
397 731 9805
855 856 2985
320 489 1998
855 991 2372
445 898 2785
676 770 2002
856 961 1431
171 446 8027
611 884 1588
190 722 2349
254 312 7655
68 188 1288
859 935 1610
864 865 7408
116 293 6332
860 861 5643
534 535 2597
860 999 7445
136 137 5961
862 863 5346
202 203 1530
94 188 640
23 769 7010
503 618 1422
865 866 3969
175 478 769
169 930 9747
132 133 7417
989 990 289
867 919 3468
265 362 630
174 430 8120
829 830 4668
869 870 6951
533 762 2533
507 508 8558
49 931 5590
22 923 4835
25 401 8860
6 904 7394
872 873 6364
873 874 607
873 911 8979
484 649 2642
874 903 5459
2 435 25
875 876 987
241 863 5527
923 928 5630
271 963 2358
824 971 4518
878 894 8714
878 944 5652
879 880 8613
72 459 508
880 881 1336
496 812 3616
812 813 3183
882 939 1227
882 999 2754
883 884 6075
123 249 753
884 906 9214
885 886 88
886 887 9832
886 907 7549
256 424 9489
886 984 2680
13 811 1294
16 842 4398
889 890 900
302 364 2369
304 423 8315
890 891 3195
3 611 991
441 843 6604
34 394 8535
144 196 2542
894 944 1941
894 985 6189
237 920 6839
896 897 7988
897 898 8572
898 899 7735
520 986 8083
486 954 3719
145 721 4892
900 901 8510
391 747 1274
716 842 667
577 578 7413
10 942 1889
433 956 6085
903 904 5127
903 963 22
624 942 2775
904 974 7449
706 714 2053
906 907 3083
317 723 3976
401 402 368
907 927 4699
193 194 2647
84 425 9696
910 911 3706
910 946 5050
910 947 9218
223 287 2016
911 912 368
911 926 5190
129 466 1781
135 252 6374
913 914 7562
24 710 9591
913 923 1620
98 134 110
915 916 6673
916 917 7216
146 992 8426
422 668 9112
65 538 6007
455 575 1455
15 16 5196
921 922 8508
922 923 838
130 818 7684
201 286 7958
591 975 7964
924 925 2503
439 807 5397
925 926 91
278 624 8617
927 928 2500
14 285 3169
18 19 8300
973 974 1128
247 282 7168
930 989 1540
931 932 7446
931 955 8485
487 667 8005
107 272 7162
933 954 7728
160 519 7065
42 288 3661
965 966 8391
552 553 5413
938 939 3241
552 554 181
940 941 4407
308 339 9552
474 937 1551
543 544 2479
251 284 8049
944 945 8021
229 581 4301
945 956 2840
946 947 4641
59 60 5336
192 193 4143
11 940 2810
66 322 2326
950 951 5544
47 640 9696
839 866 1058
952 953 4057
404 678 2235
62 522 7264
141 352 5092
52 53 9536
95 593 480
957 958 8708
724 913 3869
210 713 4466
471 633 4417
425 566 8094
126 604 7674
600 609 1580
59 159 1032
580 581 5919
392 959 2119
213 214 6787
64 844 8579
966 967 314
305 306 2651
207 208 7226
968 969 4827
261 983 9579
541 660 8274
165 166 102
865 972 9105
535 644 4184
972 973 1786
697 825 784
204 996 2730
105 947 7239
976 977 1394
184 647 2268
547 851 3469
546 621 9248
228 556 544
499 971 4648
397 698 2458
430 886 612
984 985 674
679 858 998
398 824 8350
25 512 9838
111 700 3896
988 989 621
51 794 9508
329 647 2169
189 321 2448
99 291 9901
276 337 462
802 851 434
74 328 9617
996 997 6194
997 998 1108
429 796 4351
612 991 8076
